7.7126518e+01	5.5465076e+02	8.6562729e+01	8.6759900e+02	-1.4927437e+02	3.4625949e+02	7.0340594e+02	-3.9777713e+02	6.3781952e+02	1.1039625e+03	-5.2208472e+02	5.3098553e+02	2.7551910e+02	-1.1632352e+02	-1.3395157e+02	-6.8076147e+02	-7.5549280e+02	1.2897920e+03	-3.0451497e+03	2.5382861e+03
6.2475916e+02	-3.3190982e+02	-3.2076416e+01	5.6387256e+02	-6.7543304e+02	7.6528908e+01	6.1764642e+02	1.1861139e+02	-3.2516278e+02	2.4036977e+02	-4.1288776e+01	2.6077612e+02	-1.1775057e+03	-6.9031964e+02	-2.9063779e+02	-3.7552731e+02	-5.1765601e+02	3.1702402e+02	-1.3295829e+03	4.0395276e+03
-2.6286011e+02	4.4069385e+02	3.8969968e+02	2.3795105e+02	-5.2946313e+02	-9.0050873e+01	-3.7434113e+02	5.8693799e+02	-2.3065646e+02	-2.8301837e+02	2.9788155e+01	2.8385550e+02	-1.6584271e+03	-4.7697589e+02	7.2118530e+02	8.5239420e+00	-1.3798632e+03	-3.0986792e+01	-1.2667699e+03	3.5494937e+03
-6.1082375e+01	2.0044958e+02	-1.3302818e+02	5.3246899e+02	-3.0772479e+02	5.7396549e+01	-2.7698746e+02	-2.7595642e+02	4.7727408e+02	5.5448193e+02	-4.1029587e+02	4.5677460e+02	-2.1933980e+02	-3.5065683e+02	5.3241718e+02	-3.3059146e+02	-9.0367865e+02	1.7700692e+03	-2.4109939e+03	2.4227524e+03
1.5401947e+02	-1.7346252e+02	-4.9406055e+02	-4.3999030e+02	-4.5474545e+02	2.9095087e+02	-1.0195945e+03	-2.0590704e+02	-5.1806116e+02	4.0045242e+02	-2.2283784e+02	4.3484012e+02	-1.0516737e+03	-2.1383961e+02	9.3716034e+01	-2.0103775e+01	-1.2873417e+03	1.0960272e+03	-8.9394995e+02	4.6845806e+03
2.3317371e+02	7.4747139e+01	-4.4556586e+02	-2.2570860e+02	-4.1300296e+02	4.7669238e+02	-5.7836758e+01	2.1011700e+02	3.7513535e+01	5.0526947e+02	-5.7835781e+01	1.5999670e+02	-8.6018176e+02	-9.3203896e+01	-4.4823798e+02	-1.2186660e+03	-1.2966450e+03	2.9047412e+02	-1.4373635e+03	4.8786108e+03
-1.7128793e+02	-2.8851103e+01	2.7029959e+02	6.5551460e+01	4.7928757e+02	3.0755716e+02	-3.6000330e+02	-1.6078548e+02	-2.6998395e+02	6.8281708e+02	4.3131012e+02	8.4222601e+02	-6.5361588e+01	-3.6422641e+02	5.4163171e+02	-8.8311420e+02	-2.1981836e+02	1.6387833e+03	-2.3558118e+03	-4.6614282e+03
-1.7905353e+02	-2.5242230e+02	-1.7523518e+02	-4.9385196e+02	-3.0570082e+01	2.2128596e+02	-2.7287262e+02	-1.3783330e+02	-1.2093669e+03	9.3977106e+02	1.8405704e+01	5.8728210e+02	-7.4271301e+02	5.5831525e+02	-1.1701055e+02	-8.9596443e+01	-1.3911825e+03	2.1997946e+02	-1.4758855e+03	3.9765967e+03
-1.4071854e+02	6.6756470e+02	1.0245532e+02	-3.7810742e+02	-1.8354094e+02	-1.3169233e+03	1.3716129e+02	-6.3842541e+01	-7.9545508e+02	-6.2633984e+02	1.6221748e+02	5.1428879e+01	-8.7472314e+02	1.0127007e+02	-1.2639741e+03	-4.1929401e+02	-1.0494371e+03	-2.3802505e+01	-1.2549900e+03	3.8864341e+03
-2.2896504e+02	-2.9990002e+02	3.7528482e+02	4.1202924e+02	-5.0738426e+01	7.0562390e+02	-2.0870390e+02	4.4538632e+02	9.6116241e+02	-6.1369850e+01	6.4361462e+02	3.8461621e+02	-1.6268237e+03	-3.2092661e+02	-7.0993158e+02	-1.2750618e+03	6.9568024e+02	4.2572760e+02	-7.9795453e+02	4.9237368e+03
-9.6112862e+01	-2.3385085e+02	-2.6147089e+02	-7.2391199e+02	-2.1867621e+02	5.2110132e+02	-1.0688081e+03	1.4860957e+02	2.9897842e+02	4.0200067e+02	-3.3556290e+01	1.3018324e+02	-1.0219720e+03	-2.7718423e+02	-2.1553134e+02	-5.4459076e+02	-9.8523254e+02	6.3013800e+02	-1.0823273e+02	4.5320049e+03
-4.2639117e+02	3.4834674e+02	-4.0925385e+02	3.7628293e+02	1.0386396e+03	-2.4841042e+02	3.2850134e+02	4.0032480e+02	1.6539746e+02	-6.5369020e+00	-1.1056486e+03	1.3234558e+03	9.3437817e+02	-3.3492298e+01	1.3198036e+03	1.2122671e+03	-3.8740189e+02	-5.4435083e+02	-4.4005692e+02	3.0677854e+03
4.3430704e+02	1.0116808e+02	-4.0626862e+02	2.6674506e+02	1.0914700e+02	7.7320526e+01	8.2548322e+02	5.5372974e+02	-4.5520792e+02	-5.5523425e+02	-3.7897073e+02	5.0456882e+02	1.7199263e+01	-5.2906219e+02	4.4290729e+02	-7.8178094e+02	4.9209408e+01	-1.2672067e+03	-2.8194873e+02	-2.8478601e+01
9.2091423e+01	2.2144472e+02	2.2544621e+02	7.7471703e+01	1.2732806e+02	2.3571016e+02	3.0686127e+02	7.4819604e+02	1.9953545e+02	-1.0826256e+03	7.7087280e+01	9.1965375e+02	-3.5404910e+02	-8.0943439e+02	1.0872417e+03	-4.4667130e+02	-3.9271909e+02	-7.6501782e+02	7.1906555e+02	1.7416638e+02
-6.6518872e+02	1.4010272e+02	3.0257184e+02	5.9531586e+01	5.5809795e+01	2.5033464e+01	-8.8327843e+01	4.1765271e+02	-4.3702890e+02	-4.5918732e+02	-5.1581415e+02	1.1324248e+03	3.7443524e+02	-4.2567908e+02	1.3165144e+03	4.5302234e+02	-5.6990393e+02	1.8888014e+02	-1.1551843e+03	3.0016130e+03
1.1956041e+02	8.5576103e+01	-1.2648568e+02	2.4395996e+02	2.4415752e+02	-3.0529787e+01	8.5962598e+02	6.1910321e+02	-6.8202393e+02	-4.9249527e+02	-5.3170880e+02	9.8781055e+02	-1.1980723e+02	-5.7443304e+02	8.2269324e+02	3.0738894e+01	-8.1568146e+02	-1.1764324e+03	3.1591376e+02	1.9835262e+02
1.1258653e+02	2.1328348e+02	-1.6007909e+02	2.9101880e+02	2.7224457e+02	-6.5160423e+01	9.3474548e+02	6.6673950e+02	-7.3484784e+02	-4.0517737e+02	-5.1591528e+02	8.5179755e+02	-2.1735493e+02	-4.7086499e+02	5.9148456e+02	-8.7394806e+01	-6.5786261e+02	-1.3372147e+03	1.6199284e+02	1.6758701e+02
-2.8588367e+02	-1.2386659e+02	6.0201588e+01	2.8939526e+02	-3.9866760e+01	-8.8308588e+02	-1.9152655e+02	1.2694198e+02	3.2023465e+02	-5.7559680e+02	-1.1363334e+03	1.4729313e+03	3.1315289e+02	-8.0084485e+02	1.0470558e+03	-2.4259805e+02	1.4773846e+02	-1.5131172e+02	-8.3187927e+02	-2.6927864e+03
1.8989264e+02	-1.6103539e+02	9.7097099e+01	-4.6030161e+02	1.0134709e+02	6.0973515e+01	-2.5142957e+02	4.6733014e+02	1.8185471e+02	-1.0163959e+03	2.4820621e+02	9.8787073e+02	2.7226462e+02	-4.2183224e+02	4.4304031e+02	-7.3941687e+02	-2.1801437e+02	-6.2450543e+02	1.1832181e+03	5.0211847e+02
5.1459446e+01	-2.2938894e+01	-5.7009521e+02	-3.9536212e+02	4.4944618e+01	-8.2222153e+01	-4.5051941e+02	7.6068031e+01	7.2282007e+02	-8.7193134e+02	6.6654181e+02	1.6731299e+03	4.0000272e+02	-1.8240701e+02	8.5889069e+02	-1.1705080e+02	4.1903625e+02	-1.0948625e+02	1.5778534e+03	5.6656885e+02
-1.7945193e+02	-1.9013069e+02	1.3775052e+01	1.3976215e+02	3.5063117e+00	-9.0599658e+02	-1.3076045e+02	-1.8138658e+02	-8.4534808e+02	-1.2786720e+03	-2.5354314e+02	5.5013599e+02	-1.9079448e+02	-1.7756519e+02	8.8486359e+01	3.6206149e+02	-1.1198025e+03	-4.1716907e+02	1.8622578e+01	-7.4121716e+02
6.4134137e+02	-2.5078346e+02	1.4274454e+02	4.3525406e+02	1.2052474e+03	8.8552170e+00	-2.7166638e+02	8.9660059e+02	5.0553552e+02	-5.4028278e+02	4.1599734e+02	8.8108160e+02	-9.9557166e+02	-1.2868620e+02	2.6772693e+02	-1.0802246e+03	1.2789882e+03	-5.4669006e+02	8.2138708e+02	1.1577455e+03
1.9745116e+02	-1.3631160e+00	-1.4231679e+02	-3.0910669e+02	4.1291928e+02	-7.8593451e+02	-1.6175182e+02	-2.6780099e+02	3.8788654e+02	4.4981601e+02	-3.4391903e+01	-5.7363715e+02	-3.2195886e+02	-6.8314313e+02	1.5186502e+02	-1.0903616e+03	7.7525281e+02	1.5424716e+03	2.5399878e+02	5.3374109e+02
9.5748108e+02	-6.9526190e+02	-9.2630023e+02	5.0911383e+02	-8.7131616e+02	6.9289386e+02	8.3386224e+02	2.1525076e+01	-1.2311345e+03	4.8868735e+02	5.7925366e+02	-4.2580069e+02	1.2690541e+03	-1.7462480e+03	2.4694478e+03	-6.3786083e+01	1.3331572e+03	-4.4230209e+02	1.0577484e+03	-2.0541907e+02
-5.4771295e+02	1.9736821e+02	2.2852768e+02	2.8781021e+02	-3.0738766e+01	-3.2885287e+02	2.0589870e+02	-4.0479852e+02	8.3299475e+02	-1.2257645e+02	1.8120714e+03	-4.0890128e+02	-2.6222637e+01	-5.3613831e+02	1.4950391e+03	9.9350075e+01	-6.6725121e+01	5.4058929e+02	2.1953621e+03	1.9100106e+03
-5.7624854e+02	-2.3788786e+02	-1.8185616e+02	-1.7554840e+02	-4.6533658e+02	-2.9945255e+02	3.8890373e+01	-2.6076279e+02	1.9990244e+02	-5.3908634e+01	3.7109915e+02	-4.3155963e+02	7.2846150e+00	1.1041175e+02	6.2415936e+02	-6.7771393e+02	9.5571228e+01	1.8806080e+03	-7.0914423e+02	4.5704239e+02
-2.0021475e+02	-1.6516595e+02	7.6279053e+01	-3.2080563e+02	2.3765999e+01	-1.1146983e+02	5.1578790e+02	-8.7004810e+02	-9.6243027e+01	-9.8338966e+01	1.0835939e+03	-6.3890344e+02	5.8993848e+02	-3.1602454e+02	1.1544231e+03	-6.0409081e+01	-5.0191089e+02	1.7672278e+02	2.0793296e+03	2.3430830e+03
-2.7195880e+02	-1.4769557e+02	-5.0905972e+01	-3.7486661e+02	9.5975471e+01	-1.5372069e+02	4.3262384e+02	-1.0482936e+03	1.4812799e+02	-4.6017342e+01	1.2008905e+03	-3.9065582e+02	5.5907513e+02	-3.4411795e+02	1.2761860e+03	-3.5604618e+01	-5.0134589e+02	4.1495508e+02	2.2410693e+03	2.3597817e+03
1.9590240e+02	9.9888281e+02	-1.1412454e+02	-3.0220712e+02	4.5687088e+02	1.8937332e+01	9.4987587e+01	-3.9862262e+02	-5.0581595e+02	1.1049541e+03	1.4581025e+03	2.4115775e+02	-6.2285755e+01	1.4694585e+02	1.2970737e+03	-1.1515925e+03	1.6141914e+02	2.1579268e+03	-1.4421038e+03	-5.5648594e+03
-1.1179408e+02	-6.4028702e+01	5.8330524e+01	-6.9537148e+01	1.5860549e+01	2.2068470e+01	6.1750824e+02	-5.5607208e+02	-3.4732434e+02	-1.6545680e+02	6.8486353e+02	-6.7999542e+02	-3.4603922e+02	-5.2212543e+02	1.0735902e+03	-2.5141444e+02	-9.8795453e+02	1.7792334e+02	1.4889949e+03	2.1990076e+03
-2.9790628e+02	-4.6245853e+02	5.2910549e+01	1.3638142e+02	4.1880374e+02	-5.6994366e+02	3.6607416e+02	-6.3709772e+02	8.3934258e+01	2.5303409e+02	1.3969805e+03	-5.4713489e+02	2.0340883e+02	-1.8904565e+02	1.0070714e+03	-9.7805984e+01	3.7308597e+02	3.8114032e+02	2.1764082e+03	2.2395752e+03
3.1792828e+02	3.4982891e+01	5.4030884e+02	-1.7247496e+02	1.3588873e+02	-9.4312146e+02	3.4784808e+02	-1.4213610e+03	-8.1885583e+02	-9.6488269e+02	3.0509131e+02	-9.9694977e+02	-1.9714371e+02	-5.0409671e+02	-3.4792386e+02	2.9189462e+02	-1.3437939e+03	4.9628943e+02	1.1870337e+03	1.3981636e+03
2.5918047e+01	-3.4517618e+02	1.6861249e+02	1.0752726e+03	9.3986334e+02	-3.9468356e+02	3.0599075e+02	-8.5208252e+01	3.1043869e+02	2.8422827e+02	1.4007502e+03	-5.5976654e+02	-6.7016577e+02	-3.4972488e+02	3.0317526e+02	-8.2948645e+02	1.0757579e+03	1.6660452e+02	1.3286294e+03	2.5675500e+03
4.4349158e+02	1.4047925e+02	-6.5222937e+02	6.5639023e+01	7.3937958e+02	2.6094049e+02	-3.0006186e+02	1.4161595e+02	7.7672772e+02	-6.8173840e+02	-4.6883316e+02	-6.5742203e+01	7.0226569e+02	5.3368866e+02	6.4551831e+02	2.0467717e+03	-6.6690186e+02	2.5651169e+03	4.5461334e+01	-3.5452670e+02
7.8301208e+02	-8.7674707e+02	-2.2368568e+02	-1.6977905e+01	-4.1388678e+02	6.1296558e+02	2.0758130e+02	7.7492572e+02	-2.1527928e+02	-3.9803131e+02	-2.8167841e+02	-6.0616211e+02	4.4644722e+01	1.1586255e+02	1.0841047e+01	7.5185980e+02	5.7652338e+02	1.9639879e+03	6.7572150e+02	-1.2179172e+03
-2.3018488e+02	7.4678870e+02	-8.4054987e+02	-1.8539236e+02	-3.5143420e+02	7.5067108e+02	3.3361020e+02	-1.1153137e+02	9.8116034e+02	-1.1515021e+03	6.0533228e+02	6.2711121e+02	-3.6373651e+02	1.7321312e+03	5.8799170e+02	1.4678892e+03	2.5701923e+02	2.6400032e+03	5.3832922e+02	-1.3793055e+03
4.5690308e+02	3.1154782e+02	4.5813107e+01	5.3014038e+02	1.4133975e+02	-4.8128746e+01	-5.5953779e+00	-1.6079640e+02	3.2033392e+02	-7.7113556e+02	-7.2198291e+02	-6.0150031e+02	4.0007776e+02	2.3462741e+02	-1.5690797e+02	-3.7770190e+02	-2.1559444e+02	2.8219729e+03	-1.3202355e+03	2.2205635e+03
2.9520245e+02	-3.1021213e+02	3.9839700e+02	2.5733395e+02	-1.8308321e+02	2.7785022e+02	5.1905182e+02	1.8755315e+02	-4.6229382e+02	-4.6945435e+02	-3.8056161e+02	-4.2310959e+02	-3.2987286e+02	1.0457056e+03	-1.0890120e+02	1.0218953e+03	-2.3422624e+02	2.4430903e+03	6.9107629e+02	-1.1049972e+03
-2.9095117e+02	-1.9280348e+02	4.9223386e+02	1.9302661e+02	2.4408400e+02	5.2656866e+02	1.8243297e+02	1.4637833e+02	-6.6067651e+02	-6.6490997e+02	-4.7348437e+00	-2.4747745e+02	-3.1777289e+02	1.2795657e+03	4.4743355e+01	1.3325309e+03	-3.0993964e+02	2.7358110e+03	4.2488950e+02	-1.5954084e+03
5.7029591e+01	1.8195317e+02	5.7348944e+02	-3.8246925e+01	2.8121359e+02	2.8788260e+02	-3.4257455e+00	7.9755127e+01	-7.1044391e+02	2.8286398e+02	7.9009381e+02	4.0587439e+02	7.4826447e+01	8.8060730e+01	6.3258191e+02	-5.0567484e+02	-9.8218164e+00	2.2918455e+03	-1.5047725e+03	-5.6584067e+03
-3.0181180e+02	-2.8806564e+02	5.7568243e+02	2.8085989e+02	3.0382156e+02	5.0461688e+02	1.7420715e+02	3.0885559e+02	-8.1137482e+02	-5.8272736e+02	-1.2178876e+02	-4.9714456e+02	-3.9794254e+02	1.1910913e+03	-1.2839275e+02	1.2770050e+03	-3.9452737e+02	2.5312683e+03	2.7307614e+02	-1.5848616e+03
3.6064331e+02	1.9378658e+02	-1.0388125e+03	-6.2377167e+02	-3.4620380e+02	3.8800833e+02	2.2114240e+02	-2.5470528e+02	9.1526099e+02	-7.8029480e+02	2.5904691e+02	4.5379395e+02	-4.5887749e+01	1.4367574e+03	-1.6195787e+01	1.0113076e+03	2.9992670e+02	2.7023774e+03	1.1978715e+03	-5.7992303e+02
6.1244287e+02	-2.6664200e+01	4.0714093e+02	1.4422220e+02	-1.7854358e+02	-3.0828952e+02	3.6679895e+02	1.0315491e+02	-7.4823889e+02	-4.6922662e+02	-5.8724847e+02	-9.3930731e+02	-8.6038019e+02	6.1312256e+02	-6.8570227e+02	3.4185202e+02	-2.1890063e+02	2.2545105e+03	-5.2944040e+00	-1.1572017e+03
-4.4077656e+01	-5.3598914e+02	1.3670538e+02	6.6072839e+02	-1.1298395e+02	-5.3298145e+02	-3.9448779e+02	7.2552136e+02	4.7277431e+00	1.0974431e+02	-8.2090042e+01	-3.7533182e+02	-1.2883696e+03	1.0966069e+03	-2.5542876e+02	1.8178270e+02	1.2686367e+03	2.5845833e+03	7.5478094e+02	-9.3577576e+02
4.5327161e+02	1.8246637e+02	3.2816544e+02	2.1973286e+01	1.9428311e+02	3.7723114e+02	1.8499542e+02	-5.0062689e+02	9.1946289e+01	6.5603937e+02	2.9346887e+02	2.7366565e+02	3.9359747e+02	6.8848572e+01	-5.4545850e+02	4.5237143e+02	6.2127856e+02	9.1551651e+01	-2.8848110e+03	2.0914011e+02
1.4231315e+01	-6.3587866e+02	-3.2181430e+02	1.1927220e+00	-1.9155585e+02	1.0529702e+02	2.5010054e+02	1.4219345e+02	2.1038770e+02	1.1659267e+02	8.6863666e+02	8.9167810e+02	3.6870834e+02	-1.8643248e+02	-8.5862585e+02	1.2326510e+03	2.4680476e+02	-1.6072485e+03	-1.9356791e+03	-1.0884297e+02
-9.9078491e+01	1.4653342e+02	1.3663370e+02	1.1924699e+02	-3.6995627e+02	-6.4335129e+01	4.2359641e+02	2.5531232e+02	3.7517694e+02	-4.6160486e+02	8.5053198e+02	2.9938644e+02	2.8058714e+01	3.7409595e+02	-6.1148541e+02	9.7832062e+02	3.8307892e+02	-2.1269705e+03	-1.5875054e+03	-4.1282730e+02
2.1306769e+02	-3.7275259e+02	5.1443408e+02	-1.0580915e+01	-1.7113303e+02	2.7430698e+02	-6.2822363e+02	-5.4552203e+02	-3.0959192e+02	3.5869556e+02	2.4907314e+02	6.6136237e+02	2.7707074e+02	4.0543118e+01	-2.6322912e+01	9.8395312e+02	7.1463446e+02	9.4975075e+01	-2.4911135e+03	2.1576589e+03
-6.2760796e+01	-3.9938232e+02	-2.7812994e+01	-1.4763898e+02	-1.8196745e+02	-1.6178178e+02	3.1268155e+02	1.4930927e+01	1.8259535e+02	-1.9856339e+02	7.8280219e+02	5.9043182e+02	4.9420178e+02	3.2790689e+02	-1.2128016e+03	1.1090492e+03	3.0918597e+02	-1.6794557e+03	-1.9861151e+03	1.6458890e+02
-9.7029114e+01	-3.6481781e+02	1.3962253e+02	-1.9947139e+02	-1.6217319e+02	-6.6923477e+01	3.8549768e+02	5.4525417e-01	9.8662910e+01	-2.1578745e+02	8.3343457e+02	5.7463885e+02	4.1815152e+02	4.6999854e+02	-1.1151520e+03	1.2161530e+03	3.6175095e+02	-1.7726963e+03	-1.8622526e+03	-7.2667775e+00
-3.2058560e+02	-1.4173946e+02	1.4718224e+02	-3.2868051e+02	6.3911983e+01	3.1075388e+02	2.4468367e+02	7.4931732e+01	-7.3475693e+01	3.3972128e+02	8.1998383e+02	5.3845618e+02	6.9174171e+01	-1.8252455e+02	-5.5517471e+01	-5.5332159e+02	5.2981769e+02	5.1073349e+02	-2.8099949e+03	-5.7120347e+03
1.9278986e+02	7.2466736e+01	-1.6054340e+02	2.7723438e+01	-2.7103979e+02	-1.1840473e+02	1.3919296e+02	-8.2368433e+02	-9.2793322e+00	3.9235843e+02	5.2663757e+02	4.6727231e+02	8.9987610e+01	6.5649139e+02	-6.5447870e+02	4.6516043e+02	8.0670740e+02	-1.8960001e+03	-1.7027925e+03	-4.1810509e+01
1.9442094e+02	-4.4604126e+02	-4.9722179e+01	-2.3905782e+02	-3.2149194e+02	-4.0232104e+02	4.1814304e+02	8.0099167e+01	2.5344003e+02	-2.2275163e+02	6.4103479e+02	4.0576953e+02	2.9114508e+02	3.2695526e+02	-9.5188000e+02	1.0009445e+03	4.4106430e+02	-1.7457719e+03	-1.5042266e+03	2.1108036e+01
8.8692818e+01	-3.8272211e+02	2.2421793e+02	-4.6413055e+02	3.3792084e+02	4.0444559e+02	4.2372714e+02	-2.9423398e+02	-3.0692322e+02	-7.9364090e+01	1.1012085e+03	2.7138773e+02	1.3179546e+02	5.5283673e+02	-8.1645099e+02	1.2007291e+03	2.6287534e+02	-1.5311969e+03	-1.7425330e+03	-6.0420380e+02
1.9398938e+02	-1.9280893e+02	1.7066416e+01	-9.5020988e+01	-1.3712604e+02	3.0102156e+01	3.9596799e+02	-2.4552074e+02	2.2818633e+02	1.8322084e+02	8.5862646e+02	4.8643304e+02	1.1402866e+02	6.1554211e+02	-1.0004850e+03	7.5017578e+02	4.2916504e+02	-1.8141404e+03	-1.7163766e+03	-2.2749785e+02
1.6783398e+02	3.5058086e+01	8.9073112e+01	3.2961862e+02	4.8466357e+02	-3.0328723e+02	1.1569716e+03	2.0181769e+02	1.3331301e+03	7.7611639e+02	-1.2744493e+03	-1.5805640e+03	1.3329001e+03	3.0212808e+02	-4.4956534e+02	-4.9927121e+02	2.8712292e+02	7.0940515e+02	-2.0568203e+03	2.9269771e+03
-5.8109112e+01	-6.5877869e+01	-4.8741278e+02	-1.0641277e+02	-1.2792135e+02	2.9610431e+02	-3.9981482e+02	5.9370660e+02	1.5045485e+02	-3.9499017e+02	2.2359163e+02	-9.5234589e+02	5.7130322e+02	-7.9002094e+02	-2.9627350e+02	-9.0603918e+02	-6.9891174e+02	-3.9186777e+02	-6.8856744e+02	-1.7848309e+03
-1.0213509e+02	1.7666698e+02	-1.9758884e+02	4.1924002e+02	-1.2641053e+02	8.8333534e+01	-6.5692950e+02	5.7163910e+02	2.9095456e+02	-2.5056447e+02	5.5550653e+02	-9.6725177e+02	6.5736078e+02	-5.8412354e+02	-2.2656116e+02	-9.9863763e+02	-1.0799904e+03	-3.2631857e+02	-1.0393075e+03	-1.7038120e+03
-5.3702875e+02	-5.5589349e+02	3.8285278e+02	-8.8303424e+02	9.5188499e+01	-6.5808551e+02	5.5373505e+02	1.4333695e+03	8.0628009e+02	1.2479909e+02	2.7556778e+02	-1.0850624e+03	1.2145498e+03	3.9168155e+02	-2.0804797e+02	9.0134851e+02	-4.9722070e+02	1.3390538e+03	-1.0409919e+03	4.4326240e+03
-2.4426660e+02	-3.8670471e+01	-4.1911386e+02	4.8136106e+00	-1.3495634e+02	1.9921604e+01	-6.2151483e+02	4.0309872e+02	2.8499854e+00	-2.6437927e+02	1.8530154e+02	-9.5109674e+02	6.9765308e+02	-2.4036417e+02	-3.3971402e+02	-1.0274641e+03	-1.0295604e+03	-3.0922214e+02	-7.2259644e+02	-1.5328484e+03
-2.5556284e+02	3.3118286e+01	-4.3481259e+02	-9.2930656e+01	-3.2068565e+01	1.1255650e+02	-5.9582617e+02	3.6720938e+02	2.6222902e+01	-2.9039993e+02	1.8413438e+02	-9.1801141e+02	6.7199731e+02	-3.5503531e+02	-4.1798401e+02	-1.0841582e+03	-9.5422534e+02	-3.0740121e+02	-6.3761401e+02	-1.4964097e+03
-8.6092812e+01	-1.0227754e+03	3.8550171e+02	2.5541849e+02	-9.7723358e+02	-5.4766394e+02	7.2256134e+02	-1.8626817e+02	1.1021833e+03	-4.2342014e+02	-1.6873197e+03	-2.2578963e+02	2.1709731e+02	-8.3308380e+02	2.6928726e+02	-9.5829828e+02	1.4969752e+03	6.8319135e+02	-1.2291095e+03	-3.2622166e+03
-1.2112226e+02	-2.0550146e+02	-1.4477742e+02	-1.0571470e+01	-3.1791760e+02	2.0543639e+02	-2.9835089e+02	3.1441656e+02	1.0528239e+01	-3.5091977e+02	1.3549165e+02	-8.8799280e+02	3.6477631e+02	-3.9801306e+02	-6.6749687e+01	-9.0846277e+02	-8.1134680e+02	-2.4823090e+02	-4.1468069e+02	-1.7190844e+03
-3.2619525e+02	1.9163073e+01	-5.6601978e+02	1.9574330e+02	1.9355910e+02	-1.9847654e+01	-4.2013315e+02	1.3143523e+02	1.8675848e+02	-7.5918480e+01	3.7411273e+02	-9.7774811e+02	9.2926312e+02	-5.5968395e+01	-8.4665729e+02	-1.3688883e+03	-1.0938682e+03	-2.5937817e+02	-1.3769858e+03	-1.3090032e+03
-2.7256315e+01	4.5855633e+01	-2.3579547e+02	2.9920615e+02	1.4616782e+02	-3.0766849e+02	2.4738571e+02	-1.2544398e+02	-3.9183463e+02	-5.9832965e+02	3.1211148e+02	-7.5152008e+02	2.0997826e+02	-2.5815854e+02	-1.1561945e+03	-9.3322858e+02	-1.1978202e+03	-5.0613269e+02	-7.2827911e+02	-1.9618816e+03
-1.5274318e+02	1.1957629e+02	-3.2248688e+02	3.3782568e+02	-2.8518827e+01	1.2650718e+02	-4.3870291e+02	1.5999763e+02	1.3533414e+02	-5.8160919e+02	4.2070789e+02	-8.3809607e+02	1.4707140e+02	-4.2963568e+02	-4.7694775e+02	-7.1814648e+02	-9.5931464e+02	-2.9337433e+02	-1.3758676e+03	-1.9423746e+03
7.0099176e+02	2.7498669e+02	-2.1554427e+02	-2.7226370e+02	-2.5422928e+01	-6.5612006e+02	7.1899084e+02	-2.6144418e+02	7.5905322e+02	2.7817545e+02	-3.7420068e+02	-4.6160159e+02	-6.6033466e+02	-2.9550500e+02	-6.6777240e+02	-2.7023792e+02	-1.8848199e+03	-4.9693909e+02	-3.1237213e+02	-3.1294548e+03
4.3043411e+02	5.0914970e+01	-2.3861845e+02	6.9978772e+02	3.3163246e+01	-1.6795208e+01	-7.7803845e+02	-2.9755592e+01	7.1595923e+02	9.1014258e+02	-5.1487762e+01	-1.8308859e+02	1.6452261e+02	1.0270366e+02	1.6437495e+02	1.2541639e+03	-2.1311516e+03	-2.2026719e+03	1.0482719e+03	-2.4839229e+03
2.7506482e+02	8.4180193e+00	5.8541461e+02	5.3007800e+02	-2.7266214e+02	1.8208141e+02	-6.0079034e+02	9.5027771e+01	9.5303070e+02	3.7284412e+02	2.9726240e+01	-7.6872693e+02	-4.6697574e+02	-3.9218800e+01	5.7151318e+02	8.5044275e+02	-2.2771221e+03	-2.3685327e+03	1.5177087e+03	-1.7264735e+03
7.3869850e+01	1.9601751e+01	-1.6355667e+02	8.6611008e+01	-7.5834045e+02	-4.8994470e+02	-2.7737009e+02	-1.0041781e+03	2.4153911e+02	1.3273708e+02	-4.3129453e+02	1.3483112e+01	-6.3641614e+02	-1.0010320e+01	6.6540833e+02	-4.3435672e+02	-1.9248121e+03	6.4234314e+01	-1.1040442e+03	-3.2603604e+03
3.4273132e+01	-1.1195858e+02	2.5672235e+02	-7.4521765e+02	2.3771733e+02	3.4900995e+02	4.8335056e+02	1.5835912e+02	4.7015131e+02	7.0562640e+02	-7.2296552e+02	-3.0096518e+02	-1.3606781e+03	2.1248865e+02	6.8349890e+02	3.3468024e+02	-1.0502756e+03	-1.6415181e+03	2.1704915e+03	-1.5722928e+03
3.1228808e-01	3.0277739e+01	2.0514113e+02	-7.9509479e+02	3.1753757e+02	4.0814349e+02	4.3783597e+02	1.5842061e+02	4.2756012e+02	7.4140570e+02	-6.3242194e+02	-2.8927075e+02	-1.5068647e+03	2.0582199e+02	5.2794910e+02	8.6810852e+01	-7.2106879e+02	-1.6399816e+03	2.2476113e+03	-1.4307146e+03
-7.7819145e+01	-1.4194154e+02	2.9182602e+02	-6.1019250e+02	9.7410272e+02	9.9958153e+01	-9.1882805e+01	8.3248267e+02	-4.2978247e+02	6.4253308e+02	6.0580182e+02	-1.1128390e+02	-7.2996643e+02	-3.8176874e+02	-2.8252541e+01	-2.6756348e+02	-1.2953872e+03	1.3888625e+02	-9.1346326e+02	-6.6516206e+03
-1.3816190e+02	-2.8714941e+02	4.3280737e+02	5.5285870e+02	-1.8003143e+02	-6.5937340e+01	-2.5954562e+02	1.0681123e+02	3.0471921e+02	4.8782138e+02	-2.3906583e+02	-3.6991599e+02	-4.0994138e+02	9.0177197e+02	2.2171271e+02	1.4006176e+03	-1.9974949e+03	-2.0374216e+03	1.4179066e+03	-2.4539895e+03
-1.6200782e+00	1.4480424e+01	4.1575116e+02	-2.8507239e+02	-5.3528192e+02	-3.5800434e+01	-2.9793234e+02	-1.1179832e+02	5.9516455e+02	1.7427934e+02	-1.6121301e+02	-1.3617410e+02	-6.5139050e+02	7.2763971e+02	4.5327747e+02	9.9620306e+02	-1.0269106e+03	-1.6480988e+03	2.2188711e+03	-2.1591555e+03
-5.3232562e+02	-1.1206356e+02	-9.2415173e+02	5.8569122e+02	2.4474040e+02	-5.3309863e+02	-7.4008142e+02	-5.6893365e+02	2.0167039e+02	3.4913855e+02	-7.8517859e+02	6.0712225e+02	-5.3081692e+01	6.0011334e+02	2.1893016e+02	1.6167357e+03	-2.1064136e+03	-8.6179297e+02	8.1331036e+02	-2.7498958e+03
-6.5830518e+02	-6.8767685e+01	-4.8200214e+02	-2.3356898e+02	5.2069800e+02	6.0627429e+02	1.8235912e+03	-4.0686816e+02	7.7109473e+02	5.8243262e+02	-8.5632812e+02	-9.7446869e+01	-1.6538815e+03	2.8057501e+02	-2.4255582e+02	-8.3032220e+02	4.9836020e+02	-1.7613656e+03	6.9055292e+02	-7.4330078e+02
5.6434534e+02	1.1400634e+02	-2.0182141e+02	1.0380219e+02	6.7589240e+02	-4.8112781e+02	-7.2317798e+02	-2.4454840e+02	1.0135895e+02	4.1602200e+02	-6.4763513e+02	-4.2003781e+02	9.2192029e+02	-3.4685204e+00	3.7954178e+02	1.9271981e+03	5.7572650e+02	-7.0876183e+01	-1.4115983e+03	5.5679004e+02
-5.2293390e+02	5.8307184e+02	-5.6053314e+02	3.3542761e+02	-6.8308093e+02	7.0663719e+01	5.0744221e+01	5.8986493e+02	-5.9851099e+02	7.9340356e+02	-4.6396397e+01	-1.1479910e+03	-5.3439667e+02	2.8943823e+01	6.1269940e+02	1.6953907e+03	2.8763506e+03	-6.7536890e+02	1.4394618e+02	-1.8252243e+02
-2.1417139e+02	8.8335840e+02	7.0859344e+02	-8.4757782e+01	5.2281354e+02	9.8401624e+02	-2.8218433e+02	-1.7075269e+02	4.9410632e+02	-9.1840118e+02	-2.5242271e+02	-4.9814435e+02	-1.8795248e+02	-1.6538369e+03	-4.1042667e+02	9.7224817e+02	1.6109172e+03	-1.2936071e+03	-3.2249390e+02	2.7320020e+02
8.5414606e+02	5.1870691e+02	-1.6477087e+02	-1.0974678e+03	5.9660962e+02	-1.2839124e+03	-6.4324060e+02	1.4302173e+03	-4.4135883e+02	1.0263429e+03	2.3444585e+02	-5.7199066e+02	-4.6500128e+02	-5.0703912e+02	3.7644632e+02	1.4913408e+03	1.4464039e+03	4.4983276e+02	-6.6783484e+02	2.6556299e+03
-5.9723407e+02	-3.7916656e+02	-1.6232736e+02	-1.4079605e+02	3.1583823e+02	-1.5932639e+02	-2.2177376e+01	-3.1197736e+02	-8.0073370e+02	8.9096848e+01	-8.3512036e+02	-4.0595526e+02	-2.2255746e+02	-3.5894871e+01	-1.5030840e+02	1.7442357e+03	8.3787469e+02	-1.0307249e+03	3.7091444e+00	3.5578375e+02
-5.2293390e+02	5.8307184e+02	-5.6053314e+02	3.3542761e+02	-6.8308093e+02	7.0663719e+01	5.0744221e+01	5.8986493e+02	-5.9851099e+02	7.9340356e+02	-4.6396397e+01	-1.1479910e+03	-5.3439667e+02	2.8943823e+01	6.1269940e+02	1.6953907e+03	2.8763506e+03	-6.7536890e+02	1.4394618e+02	-1.8252243e+02
-6.4423212e+02	1.1064321e+02	-3.9717209e+02	-5.1903290e+02	-7.6567340e+02	-1.1978599e+03	-2.4980011e+02	9.2692039e+01	6.5650208e+02	2.4773305e+02	-4.1519260e+02	3.5656320e+02	-1.0798574e+03	-8.3547571e+02	3.4029114e+02	-1.2489512e+02	3.2240740e+03	8.3830682e+02	-1.7285013e+02	-3.6208213e+03
8.1359474e+01	1.2365312e+03	2.0859259e+02	-9.0918266e+01	-4.4648033e+01	7.9992798e+02	9.2957916e+01	-1.4807653e+03	1.8472446e+02	-9.7526703e+02	-4.6474277e+02	-7.0803125e+02	-1.5251335e+02	-6.5837689e+02	-6.0802295e+02	2.9527628e+02	2.0929863e+03	-1.1849609e+03	-1.3991544e+03	6.8650031e+02
-4.3864908e+02	-4.8756506e+02	5.7431793e+02	9.8330292e+01	9.6096306e+01	-5.7733551e+01	-1.0039835e+03	1.6294098e+02	3.0567694e+02	-6.4602631e+01	-2.2501096e+02	-6.2716693e+02	4.8843359e+02	-9.1657788e+02	-2.0928520e+02	8.8298248e+02	2.1182581e+03	-6.8407153e+02	7.4318243e+02	7.3613678e+02
4.5283438e+02	-6.8291122e+01	-9.7723915e+01	2.0703540e+02	3.4689825e+02	-1.3502628e+02	-6.2280359e+02	-1.1055315e+03	-7.9052155e+02	-4.7443579e+02	-3.7454425e+02	-5.8469928e+02	-8.3534442e+02	-1.1008362e+03	-2.7923196e+02	1.4198125e+03	6.5427551e+02	-8.4987677e+02	-7.2640588e+02	-8.0663739e+02
1.8201399e+02	-6.5558006e+01	2.5533482e+02	3.4365929e+01	4.5823230e+02	8.0305890e+02	-9.3025494e+02	-3.3681821e+02	-3.2383630e+02	-5.6343597e+02	-5.3542212e+02	-5.8512250e+02	-4.6889008e+02	-1.3887445e+03	2.0509270e+02	1.4158768e+03	1.2780784e+03	-6.0822211e+02	1.8818170e+02	1.5676239e+02
1.2086221e+02	3.6546579e+02	5.9796594e+02	-1.5933041e+02	6.2859418e+02	1.1702309e+02	-7.0332451e+01	-3.2875675e+01	3.5858817e+02	7.2391620e+02	-7.7682520e+02	2.0513113e+02	1.9128318e+03	8.6875208e+02	1.0746125e+03	1.9449591e+02	-2.9958694e+02	-4.6098553e+02	-2.1308774e+02	2.0025190e+03
1.0552591e+02	-4.8358341e+01	-4.2472157e+01	-2.9312515e+02	-2.0063200e+02	3.9052698e+02	-3.1419421e+02	6.5740918e+02	-3.0883652e+02	-1.6731175e+02	-2.0550169e+02	-1.4992894e+02	9.7580310e+02	4.5626996e+02	7.1540436e+02	-9.0929071e+02	6.7522467e+02	-1.4848558e+03	1.0425308e+03	3.0544049e+02
1.7007877e+02	6.6961969e+02	6.8997119e+02	7.7404213e+01	-6.9834308e+02	2.3704129e+02	1.7834935e+02	8.9431073e+02	2.6540778e+02	-6.1582135e+02	2.4287558e+02	-3.4874042e+02	3.4070621e+02	8.3845581e+02	8.1172156e+02	-1.3017051e+03	-1.4025542e+02	-1.6053701e+03	7.7961395e+02	4.6011279e+02
-5.6215637e+02	-1.3588864e+02	6.7139197e+02	-3.1816983e+02	-3.7483121e+02	1.6334718e+02	-5.9804181e+02	-1.6785757e+02	-2.6495398e+02	1.3245857e+02	-3.0197421e+02	4.2406604e+02	9.9943115e+02	5.1885352e+02	1.0967327e+03	-2.9763144e+02	-1.5106783e+02	4.0352176e+02	-6.9344757e+02	2.8600574e+03
1.7027228e+02	2.8949081e+02	-1.7225060e+01	-5.2869086e+02	-2.7583649e+02	-1.1222072e+01	-1.7052753e+02	1.4408913e+02	-6.0307770e+02	-1.3504840e+02	-5.5808661e+02	-5.8766187e+02	6.1966199e+02	1.5634365e+03	4.4707120e+02	-1.9860421e+03	6.7958746e+02	-1.6718511e+03	5.7488477e+02	7.8670630e+02
1.7027228e+02	2.8949081e+02	-1.7225060e+01	-5.2869086e+02	-2.7583649e+02	-1.1222072e+01	-1.7052753e+02	1.4408913e+02	-6.0307770e+02	-1.3504840e+02	-5.5808661e+02	-5.8766187e+02	6.1966199e+02	1.5634365e+03	4.4707120e+02	-1.9860421e+03	6.7958746e+02	-1.6718511e+03	5.7488477e+02	7.8670630e+02
-4.2203003e+02	-1.7136635e+02	6.5558051e+02	-7.2013184e+01	8.6147018e+01	1.2394405e+01	4.1446747e+01	-5.9281178e+01	-3.3301337e+02	3.4171832e+02	-6.4184412e+02	3.5961569e+02	2.6347565e+02	5.0940149e+02	8.8772485e+02	-1.8301080e+03	1.6270211e+03	2.1220953e+02	-1.3021747e+03	-3.7833850e+03
-2.1993636e+02	-2.3625964e+02	-4.6045538e+02	5.7583545e+02	2.1894971e+02	2.0128207e+02	-1.0934237e+02	-7.5984174e+02	-7.5271722e+02	4.0879163e+02	-6.2255084e+02	2.4097025e+02	-4.4942630e+02	1.3748125e+03	9.9586957e+02	-1.6973915e+03	1.1448760e+03	-1.0780663e+03	8.5775543e+02	5.7997815e+02
4.7350238e+02	-5.9918311e+02	-9.1262390e+01	3.9399249e+02	8.3773859e+02	-5.6788155e+01	-9.9305609e+02	-7.9627368e+02	8.1277412e+01	3.6128976e+02	-1.9414112e+01	3.1648398e+02	-1.0692143e+02	1.7620098e+03	2.1742107e+02	-2.1621147e+03	1.8532192e+03	-1.0314447e+03	1.0856704e+03	1.2327303e+03
4.2744617e+01	4.9742355e+02	3.4524887e+02	1.9148439e+02	-3.7173505e+02	-6.6343866e+02	3.2956076e+02	-1.5899582e+00	-1.2310544e+03	-3.2675998e+02	-2.5541501e+02	1.5053674e+02	9.7215955e+02	1.2221331e+03	-1.1845263e+02	-1.4028781e+02	-4.8691858e+02	-1.6146926e+03	3.2636609e+02	-1.5178973e+02
3.1538361e+02	-3.1402271e+02	-2.5716922e+02	-4.3285080e+02	3.3757611e+02	-2.3133177e+01	-7.1028595e+02	-6.1160541e+02	5.9822845e+02	-1.1009568e+03	-3.8777521e+02	-3.2174539e+02	-4.8634457e+02	1.7147340e+03	-7.6558887e+02	-1.7659211e+03	1.8353312e+03	-1.3865657e+03	-3.1232025e+02	9.0061243e+02
2.9567960e+02	2.2587410e+02	2.2019737e+02	-7.0237988e+02	2.8692175e+02	9.7662224e+01	7.9287714e+02	-4.6662762e+01	3.4884442e+02	8.6329181e+02	-5.7005804e+02	-7.6754150e+01	6.0162665e+02	-7.9598615e+02	-9.9818823e+02	8.3801712e+01	-3.5927222e+02	1.1352814e+03	1.4898950e+03	8.1313556e+02
-2.2223238e+02	-4.4492291e+02	-3.8847702e+02	-2.3236032e+02	3.2397943e+02	9.0635583e+02	-1.0602824e+02	1.3751907e+02	-3.5237683e+02	3.0964413e+02	-4.5978690e+02	2.4884058e+02	9.4608124e+02	-1.1600435e+03	-1.5486920e+03	-2.3362474e+02	-4.6368973e+02	3.5027243e+02	2.4176013e+03	-2.8660870e+02
3.0258221e+02	7.3174988e+02	6.7203094e+02	3.0165665e+02	-8.5874634e+02	2.4633125e+02	-5.7517358e+02	2.1818341e+02	5.2890424e+02	4.3054556e+02	7.5276489e+02	3.9977548e+02	5.6531494e+02	-2.2929111e+02	-1.2043475e+03	-4.7525597e+01	1.2113312e+02	4.3690277e+02	3.2673428e+03	-1.1391071e+02
-4.6853265e+02	-2.7011914e+02	3.5389423e+02	-1.9181438e+02	-4.4575604e+02	5.3159174e+02	-2.1648999e+02	-8.7510132e+02	2.5248733e+00	5.1770551e+02	-8.5191779e+02	2.1845856e+02	1.1001548e+03	-2.6831042e+02	-1.2973888e+01	4.6576007e+02	-8.6523431e+02	1.6539874e+03	5.0858298e+02	1.9603926e+03
-5.3787724e+01	6.3977776e+01	9.6084023e+01	2.7307916e+02	-1.6402684e+02	-1.7444582e+02	-2.9840796e+02	1.4027844e+02	-1.9531613e+02	5.6458832e+02	-4.0778492e+01	1.1487891e+03	6.2543280e+02	-1.4119016e+02	-1.6910406e+03	7.1947281e+01	3.2771973e+02	1.0654944e+03	3.2173467e+03	-2.0511418e+02
-3.5893379e+01	4.8377859e+02	1.0031237e+02	3.2932077e+02	-2.1812257e+02	-1.7741371e+02	1.0317508e+01	2.8476569e+02	-6.2409509e+02	7.8748712e+02	3.0852280e+00	6.7845892e+02	4.6802606e+02	-2.5241039e+01	-1.7107028e+03	-3.2927429e+02	4.8563873e+02	4.0611258e+02	3.0785178e+03	-4.6316952e+01
5.6195172e+02	-1.2144897e+02	4.7983875e+02	-8.4906384e+02	-5.6435297e+02	-3.7733679e+02	-1.2897055e+02	-6.4524213e+02	5.4038855e+02	-1.6273787e+02	-8.6484473e+02	1.3322949e+03	1.4364914e+02	-1.5685437e+03	-2.2389973e+02	-5.5740100e+02	9.0049115e+02	1.4537596e+03	1.7141627e+03	-3.4732234e+03
6.3825516e+01	-1.1538581e+02	8.2649368e+01	-2.8840176e+02	-5.0121985e+02	5.7713989e+02	2.0324567e+02	-9.0517624e+01	-7.3366083e+02	5.8886749e+02	-4.1816666e+02	3.9100638e+02	7.1324872e+02	-3.7896103e+02	-1.5363171e+03	-1.1858759e+02	-3.0809692e+02	2.0666408e+02	2.7294033e+03	-1.5448816e+02
2.2243332e+02	4.0829190e+02	-1.2665929e+02	6.1793030e+02	-1.5997299e+02	-6.9447058e+02	-9.0689461e+01	7.0472725e+01	1.7030684e+02	5.4085626e+02	6.0084467e+02	1.2432959e+03	6.5661017e+02	4.0988071e+02	-1.3347334e+03	2.0721078e+02	8.5204382e+02	1.0267793e+03	3.3976877e+03	-2.9993288e+01
-7.3044086e+02	1.1291063e+02	-7.4044324e+02	-3.8006650e+02	8.1871173e+02	8.3985909e+01	2.6184500e+02	-2.3002818e+02	-6.5986273e+02	-4.4049985e+02	-6.2128491e+02	-2.2167203e+02	2.6030643e+02	-8.4560083e+02	-2.1350894e+03	-4.3045944e+02	-5.9097437e+02	7.6523602e+02	1.5924249e+03	4.8432190e+01
-4.9370966e+02	1.7225313e+02	-2.2593025e+01	7.9347455e+02	3.2939340e+02	7.1206594e+00	2.1061935e+02	3.4781360e+02	-1.8426942e+02	9.9746986e+01	2.0464703e+01	3.2319318e+02	-4.2921735e+02	-1.0053005e+02	-2.8568774e+03	-1.1335645e+03	8.3320892e+02	6.1590863e+02	1.7425637e+03	1.2178296e+02
