2,50,12500,98,1
0,13,3250,28,1
1,16,4000,35,1
2,20,5000,45,1
1,24,6000,77,0
4,4,1000,4,0
2,7,1750,14,1
1,12,3000,35,0
2,9,2250,22,1
5,46,11500,98,1
4,23,5750,58,0
0,3,750,4,0
2,10,2500,28,1
1,13,3250,47,0
2,6,1500,15,1
2,5,1250,11,1
2,14,3500,48,1
2,15,3750,49,1
2,6,1500,15,1
2,3,750,4,1
2,3,750,4,1
4,11,2750,28,0
2,6,1500,16,1
2,6,1500,16,1
9,9,2250,16,0
4,14,3500,40,0
4,6,1500,14,0
4,12,3000,34,1
4,5,1250,11,1
4,8,2000,21,0
1,14,3500,58,0
4,10,2500,28,1
4,10,2500,28,1
4,9,2250,26,1
2,16,4000,64,0
2,8,2000,28,1
2,12,3000,47,1
4,6,1500,16,1
2,14,3500,57,1
4,7,1750,22,1
2,13,3250,53,1
2,5,1250,16,0
2,5,1250,16,1
2,5,1250,16,0
4,20,5000,69,1
4,9,2250,28,1
2,9,2250,36,0
2,2,500,2,0
2,2,500,2,0
2,2,500,2,0
2,11,2750,46,0
2,11,2750,46,1
2,6,1500,22,0
2,12,3000,52,0
4,5,1250,14,1
4,19,4750,69,1
4,8,2000,26,1
2,7,1750,28,1
11,2,500,11,0
11,2,500,11,0
2,6,1500,75,0
16,2,500,27,0
21,2,500,23,0
21,2,500,23,0
14,4,1000,57,0
16,5,1250,60,0
23,2,500,23,0
14,5,1250,74,0
23,3,750,28,0
16,3,750,40,0
9,2,500,52,0
9,2,500,52,0
16,7,1750,87,1
14,4,1000,64,0
14,2,500,35,0
16,7,1750,93,0
21,2,500,25,0
14,3,750,52,0
23,14,3500,93,0
18,8,2000,95,0
16,3,750,46,0
11,3,750,76,0
11,2,500,52,0
11,3,750,76,0
23,12,3000,86,0
21,3,750,35,0
23,2,500,26,0
23,2,500,26,0
23,8,2000,64,0
16,3,750,50,0
23,3,750,33,0
21,3,750,38,0
23,2,500,28,0
21,1,250,21,0
21,1,250,21,0
21,1,250,21,0
21,1,250,21,0
21,1,250,21,0
21,1,250,21,0
21,1,250,21,0
21,1,250,21,0
21,1,250,21,0
21,1,250,21,1
21,1,250,21,0
21,1,250,21,0
21,5,1250,60,0
23,4,1000,45,0
21,4,1000,52,0
22,1,250,22,1
11,2,500,70,0
23,5,1250,58,0
23,3,750,40,0
23,3,750,41,0
14,3,750,83,0
21,2,500,35,0
26,5,1250,49,1
23,6,1500,70,0
23,1,250,23,0
23,1,250,23,0